1 0 0 0 0 1 0 0 0 0 1 0 
0.999958 -0.00688168 -0.0061217 0.0240393 0.00683792 0.999951 -0.00714054 0.103661 0.00617054 0.00709838 0.999956 0.8438 
0.999953 -0.00344308 -0.0091263 -0.059785 0.00338574 0.999974 -0.00629139 0.0312335 0.00914773 0.00626019 0.999938 1.67158 
0.999919 -0.00262157 -0.012449 -0.130493 0.00252128 0.999964 -0.00806537 0.032972 0.0124697 0.00803333 0.99989 2.52134 
0.999852 -0.000515901 -0.0172086 -0.214879 0.000368175 0.999963 -0.00858654 0.0206284 0.0172124 0.00857893 0.999815 3.40128 
0.999783 -0.000971996 -0.0208265 -0.310928 0.000765579 0.999951 -0.00991703 0.0387708 0.0208351 0.00989893 0.999733 4.29381 
0.999693 -0.000554922 -0.0247715 -0.45982 0.000251908 0.999925 -0.0122339 0.0335574 0.0247764 0.0122239 0.999618 5.22417 
0.999583 0.00149025 -0.028857 -0.63778 -0.00187809 0.999908 -0.0134178 0.0214021 0.0288343 0.0134664 0.999493 6.18882 
0.99941 0.00175807 -0.0343248 -0.653449 -0.00212004 0.999943 -0.0105118 -0.0235396 0.0343044 0.0105783 0.999355 7.13356 
0.999236 0.0010633 -0.0390768 -0.714891 -0.00133017 0.999976 -0.00680414 -0.0546902 0.0390686 0.00685094 0.999212 8.12603 
0.99917 0.000571955 -0.0407606 -0.903474 -0.000755144 0.99999 -0.00447905 -0.0557674 0.0407576 0.00450613 0.999158 9.17921 
0.999203 2.47299e-05 -0.0399306 -1.22014 -0.000287477 0.999978 -0.00657438 -0.0471345 0.0399296 0.00658064 0.99918 10.2964 
0.999225 -0.00195654 -0.0393271 -1.51471 0.00167139 0.999972 -0.00728235 -0.0655202 0.0393402 0.00721099 0.999199 11.442 
0.999201 -0.00599693 -0.0395511 -1.6926 0.00573172 0.99996 -0.00681549 -0.120576 0.0395905 0.00658336 0.999193 12.4258 
0.999318 -0.00629745 -0.0364168 -2.07337 0.00621104 0.999978 -0.0024852 -0.267488 0.0364316 0.00225735 0.999332 13.5673 
0.999357 -0.00833863 -0.0349179 -2.34763 0.00822392 0.99996 -0.0034274 -0.277256 0.0349451 0.00313806 0.999383 14.7103 
0.999308 -0.00612185 -0.0367267 -2.36346 0.00589814 0.999964 -0.00619634 -0.282386 0.0367633 0.00597546 0.999305 15.5914 
0.999209 -0.00714082 -0.0391496 -2.3639 0.00674463 0.999925 -0.0102426 -0.242177 0.0392199 0.00997042 0.999179 16.5226 
0.999181 -0.00600588 -0.0400555 -2.54825 0.00552246 0.999911 -0.0121683 -0.255377 0.0401251 0.0119372 0.999122 17.4998 
0.999151 -0.00416477 -0.0410248 -2.68725 0.0038013 0.999953 -0.00893383 -0.382015 0.0410601 0.00877032 0.999116 18.6783 
0.99916 -0.00465555 -0.0407482 -2.90252 0.00441232 0.999972 -0.00605684 -0.460697 0.0407753 0.00587199 0.999149 19.8731 
0.999182 -0.00236106 -0.0404099 -3.10298 0.00223527 0.999993 -0.0031577 -0.552104 0.0404171 0.00306483 0.999176 20.8874 
0.999241 -0.00132537 -0.0389816 -3.36968 0.0011616 0.999991 -0.00422364 -0.589152 0.0389869 0.00417519 0.999229 21.9835 
0.999242 -0.00296651 -0.0388677 -3.54572 0.00274545 0.99998 -0.00573971 -0.599767 0.038884 0.00562868 0.999226 22.9758 
0.999241 -0.00680773 -0.0384071 -3.78354 0.00657625 0.99996 -0.00614993 -0.632603 0.0384475 0.00589272 0.999241 24.2165 
0.999223 -0.00717088 -0.0388057 -3.81865 0.00707432 0.999972 -0.00262482 -0.688799 0.0388235 0.0023483 0.999241 25.2441 
0.999236 -0.00695302 -0.0384995 -3.89146 0.00699792 0.999975 0.00103184 -0.69955 0.0384915 -0.0013004 0.999256 26.2345 
0.999284 -0.00617423 -0.0373781 -4.03989 0.00637666 0.999966 0.00529889 -0.745173 0.0373442 -0.00553336 0.999285 27.3303 
0.99932 -0.00749623 -0.0361693 -4.12606 0.00777537 0.999941 0.0075834 -0.74288 0.0361104 -0.00785937 0.999314 28.4426 
0.999409 -0.00753794 -0.0336141 -4.29161 0.00782138 0.999935 0.00830888 -0.769204 0.0335494 -0.00856677 0.999398 29.5115 
0.999419 -0.00814772 -0.0331497 -4.30203 0.00830236 0.999955 0.00453006 -0.735248 0.0331115 -0.00480257 0.999437 30.6819 
0.99946 -0.0080562 -0.0319295 -4.38157 0.00806251 0.999968 6.89236e-05 -0.74978 0.0319281 -0.000326256 0.999487 31.7513 
0.999499 -0.0094085 -0.0303054 -4.47437 0.00932235 0.999952 -0.00298262 -0.759788 0.0303322 0.00269865 0.999533 32.7933 
0.999522 -0.0119089 -0.028616 -4.56478 0.0118955 0.999929 -0.000636688 -0.816641 0.0286218 0.000296042 0.999587 33.7218 
0.999471 -0.0120079 -0.0302964 -4.46666 0.0121208 0.99992 0.00354738 -0.800481 0.0302516 -0.00391264 0.999531 34.6338 
0.999387 -0.0161769 -0.0311176 -4.52204 0.0163968 0.999843 0.00682483 -0.812957 0.0310025 -0.00733077 0.999489 35.5978 
0.999222 -0.0238115 -0.0315352 -4.62985 0.0240017 0.999696 0.00566973 -0.821135 0.0313908 -0.00642212 0.999483 36.6233 
0.999144 -0.025579 -0.0325909 -4.7129 0.0256623 0.999669 0.00214068 -0.85384 0.0325255 -0.00297513 0.999463 37.6516 
0.999101 -0.0257434 -0.0337619 -4.77705 0.0257147 0.999669 -0.00128107 -0.875544 0.0337839 0.000411794 0.999425 38.6709 
0.999102 -0.0238915 -0.0350771 -4.87042 0.0238012 0.999713 -0.00299048 -0.868417 0.0351386 0.00215296 0.999376 39.7344 
0.999098 -0.0228757 -0.035855 -4.91807 0.0228746 0.999739 -0.000442281 -0.924983 0.0358559 -0.000378222 0.999353 40.8062 
0.99918 -0.018849 -0.0359144 -5.03002 0.0189304 0.999819 0.00192839 -0.936838 0.0358717 -0.00260659 0.999349 41.8827 
0.99916 -0.0189062 -0.0364306 -5.18108 0.0190565 0.999812 0.00378351 -0.986433 0.0363524 -0.00447448 0.999325 43.0045 
0.99912 -0.0182761 -0.0378322 -5.23139 0.018534 0.999808 0.00647722 -1.00096 0.0377067 -0.00717258 0.999259 44.0363 
0.999112 -0.0189181 -0.0377337 -5.32019 0.0192696 0.999774 0.00897484 -0.9981 0.0375556 -0.00969385 0.999243 45.1258 
0.999185 -0.0132794 -0.0382157 -5.42133 0.0137225 0.999842 0.0113565 -1.01963 0.0380591 -0.0118714 0.999201 46.1885 
0.999228 -0.0132786 -0.0370541 -5.61732 0.0136715 0.999853 0.0103701 -1.04258 0.0369112 -0.0108685 0.999255 47.3834 
0.999265 -0.0140533 -0.0357517 -5.78269 0.0143615 0.999862 0.00837831 -1.04546 0.0356292 -0.00888547 0.999321 48.4828 
