1 0 0 0 0 1 0 0 0 0 1 0 
0.999988 -0.00358668 0.00343475 -0.1832 0.00358301 0.999993 0.00107549 -0.0912227 -0.00343859 -0.00106317 0.999994 0.635659 
0.999996 -0.0027637 -0.000843605 -0.0788297 0.00276031 0.999988 -0.00400075 -0.0136047 0.000854652 0.00399841 0.999992 1.20834 
0.999994 -0.0028125 -0.00202484 -0.0948806 0.00280203 0.999983 -0.00515649 -0.0219661 0.00203931 0.00515079 0.999985 1.7614 
0.999979 -0.00508921 -0.00406648 -0.0869245 0.00506243 0.999966 -0.00656933 -0.0409911 0.00409978 0.0065486 0.99997 2.32265 
0.999949 -0.00756311 -0.00664866 -0.0748498 0.00750896 0.999939 -0.00813144 -0.0614539 0.00670975 0.0080811 0.999945 2.90087 
0.999923 -0.0086568 -0.00886267 -0.0789644 0.00856706 0.999912 -0.0101144 -0.0531147 0.00894945 0.0100377 0.99991 3.50214 
0.999899 -0.00855392 -0.0113871 -0.0747791 0.00845341 0.999925 -0.00884592 -0.0821292 0.0114619 0.00874876 0.999896 4.10114 
0.999896 -0.0100821 -0.0103546 -0.151542 0.00999539 0.999915 -0.00839068 -0.129919 0.0104383 0.0082863 0.999911 4.70356 
